camera_matrix:
- [1072.557254439702, 0.0, 712.4247913919421]
- [0.0, 1070.9130196910965, 358.3439242279188]
- [0.0, 0.0, 1.0]
dist_coeff:
- [0.2301957051068913, -0.34153426343280735, 0.0017729746364632737, 0.027482401320594183,
  0.199450279354771]
